=== Evaluación Regresión Lineal ===
R2: 0.7718563750322083
MAE: 27814.537938707952
RMSE: 41832.236679301815

=== Evaluación Random Forest ===
R2: 0.8693701316722255
MAE: 21923.000691735393
RMSE: 31653.96819477665
